0.252976 0.622817 
0.177614 0.702176 
1.501707 1.277546 
2.223671 1.327652 
2.526140 0.633931 
0.648536 0.982983 
1.415116 1.325749 
1.844002 1.130896 
2.963463 0.756604 
1.620555 1.337601 
-0.293847 0.489714 
2.819946 0.843163 
1.660877 1.438622 
0.425278 1.033101 
0.197968 0.982968 
3.167735 -0.030975 
2.359756 1.136240 
2.313627 1.022727 
3.103092 0.267648 
1.672528 1.531170 
2.531814 0.786793 
0.905375 1.366786 
-0.040659 0.668948 
2.830677 0.480962 
-0.065546 0.289188 
1.452480 1.451042 
-0.247738 0.162521 
2.138617 1.082348 
2.818599 0.890906 
2.027982 1.224145 
2.897427 0.711173 
2.123196 1.181337 
1.589955 1.219500 
3.035846 0.085209 
-0.173861 -0.063257 
-0.278334 0.247153 
0.730783 0.975265 
3.110505 0.343586 
1.757019 1.296355 
1.496242 1.210408 
1.696175 1.185296 
1.911142 1.254074 
2.394893 0.759252 
-0.152317 -0.158246 
2.256279 0.958961 
0.790533 1.198640 
0.815625 1.171578 
0.545942 0.996429 
2.803410 0.698846 
-0.119733 0.488981 
3.146494 -0.016003 
2.591416 0.760252 
1.544000 1.382675 
0.449790 1.109906 
0.571459 0.991236 
2.952319 0.183079 
-0.439878 -0.134185 
0.837494 1.001069 
2.632881 0.770630 
3.107542 0.039355 
-0.267090 -0.268709 
2.430654 1.164496 
3.248110 0.128262 
1.106434 1.121019 
-0.335885 0.265590 
1.769461 1.128169 
3.341152 -0.025414 
2.207686 1.030974 
3.044694 -0.276390 
0.637508 1.169177 
0.589520 1.269415 
1.258737 1.424498 
2.970984 -0.342367 
3.091637 0.294787 
0.596821 1.067877 
0.427803 0.795891 
2.464472 1.070312 
3.064725 -0.149929 
3.244261 0.282445 
2.381535 1.119466 
2.848511 0.408599 
0.620516 0.935752 
0.502496 0.928616 
2.110163 1.257608 
0.976932 1.365545 
0.026439 0.935029 
-0.202732 -0.359935 
2.059339 1.224139 
2.860196 0.711802 
1.653068 1.216244 
2.678651 0.623288 
-0.171929 -0.236708 
2.116119 1.025382 
2.791577 0.630244 
2.502809 0.996996 
0.173770 0.510393 
2.378769 0.793759 
1.525406 1.358497 
3.111480 0.226342 
3.124069 -0.278659 
3.087785 0.329949 
0.123560 1.016798 
0.861294 1.204300 
0.280489 0.686804 
-0.253127 -0.351822 
2.957915 0.439256 
2.393114 0.948120 
3.192103 -0.227942 
1.761590 1.352939 
1.967749 1.345993 
-0.008420 0.389345 
0.531605 1.160446 
0.035393 0.726333 
-0.311415 -0.225169 
-0.241911 0.312528 
0.545705 1.151753 
2.905113 0.090965 
-0.422296 -0.247931 
3.015239 -0.246778 
0.488258 0.933393 
3.037984 0.173793 
2.449431 0.974811 
1.962169 1.070368 
3.198666 0.027287 
3.120936 -0.357339 
-0.145698 -0.285679 
1.165108 1.210114 
0.125069 0.601756 
1.804802 1.280600 
-0.056753 0.526118 
0.038736 0.847467 
2.755472 0.803882 
1.071019 1.208804 
0.147469 0.649334 
2.467932 0.976791 
-0.024593 0.099298 
1.353800 1.211752 
1.946182 1.217801 
3.109148 0.221029 
3.065791 0.519177 
-0.474933 -0.325204 
0.114045 0.675098 
3.063917 -0.313928 
0.048766 0.966334 
2.789341 0.479020 
0.015705 0.519848 
0.695207 1.013617 
-0.345905 0.197860 
0.401454 1.156341 
0.537061 1.285396 
1.439963 1.214253 
2.479044 1.167767 
2.413613 1.049457 
2.492291 0.749024 
1.595872 1.143766 
2.994155 -0.110682 
1.069526 1.362808 
2.906757 0.335993 
0.974380 1.465317 
1.576294 1.525833 
3.342487 -0.273443 
2.811037 0.263715 
-0.210985 0.123241 
3.134353 -0.111314 
0.520112 1.180816 
2.140046 0.980760 
0.642779 1.040107 
0.445826 0.950092 
2.952362 -0.269699 
1.394298 1.115696 
2.930604 0.561419 
3.041167 0.018097 
1.757653 1.185803 
0.010901 0.649340 
0.087328 0.895203 
2.987828 0.118188 
2.987204 0.686383 
3.082296 -0.336905 
2.377365 1.298700 
1.606875 1.365064 
2.747879 0.972405 
2.752827 0.445769 
0.250076 0.786989 
2.887794 0.171692 
0.366586 0.918970 
2.697265 0.715194 
-0.380058 -0.077741 
0.984265 1.299526 
0.419439 0.884468 
0.049148 0.691060 
1.379251 1.203470 
-0.130502 -0.062882 
-0.377932 0.228293 
0.355589 1.194141 
0.574592 0.981856 
0.753252 0.981141 
2.689820 0.417776 
1.359803 1.268285 
3.079692 -0.181397 
1.383795 1.193299 
0.431101 1.144259 
3.140059 -0.319862 
3.218825 -0.305945 
0.811272 1.047367 
3.178731 0.437117 
-0.239078 0.017679 
2.959869 0.714160 
2.924486 0.548937 
0.625362 1.309157 
2.298568 0.966819 
1.183218 1.515518 
2.521164 1.225006 
1.941154 1.185401 
0.721057 1.149710 
2.914935 0.679392 
2.572258 0.839511 
2.253897 0.889466 
2.477806 0.998678 
-0.470509 -0.210187 
1.905376 1.222506 
0.980896 1.450900 
0.277681 0.745121 
-0.335499 0.281177 
2.786915 0.712061 
1.357530 1.436330 
2.275625 0.927083 
1.711772 1.482742 
2.774282 0.271699 
3.230700 0.296028 
1.429926 1.556959 
0.043598 0.377901 
-0.194494 0.119258 
-0.143147 0.623009 
1.681121 1.089696 
0.297995 1.011833 
2.585223 0.636874 
0.075248 0.382035 
2.717172 0.595030 
2.843823 0.346067 
0.865137 1.282973 
3.360041 -0.262049 
-0.470612 0.042999 
2.870098 0.691506 
2.643970 0.706718 
-0.085131 0.787331 
2.089166 1.050193 
2.006226 1.115594 
2.668931 1.007365 
3.203997 -0.004138 
-0.051818 0.536010 
1.362410 1.512992 
2.929688 -0.159428 
-0.150391 0.667749 
1.582130 1.490878 
-0.389236 -0.157404 
0.962228 1.036944 
3.344913 -0.197798 
0.138159 1.009988 
3.088270 -0.052586 
2.983794 -0.384468 
3.005279 0.016478 
1.603238 1.370920 
-0.095286 -0.246323 
2.544413 1.140230 
3.005140 0.341617 
0.340421 0.887787 
2.425580 0.913874 
3.141186 -0.019826 
2.944916 0.520775 
1.943292 1.418743 
2.771488 0.620873 
3.000299 0.107418 
3.075734 0.418483 
1.529375 1.177037 
-0.404269 0.044812 
1.748026 1.190812 
-0.168786 0.617483 
2.442216 0.928954 
1.026381 1.277316 
2.596302 1.045555 
0.365992 0.844089 
2.659405 0.795170 
0.520985 1.190788 
1.487066 1.188772 
0.761261 1.215461 
-0.313221 -0.217173 
3.074646 0.590296 
3.020139 0.501246 
0.112719 0.980010 
2.857891 0.346258 
1.733203 1.517762 
1.750263 1.247442 
0.439595 1.086797 
0.045851 0.284714 
3.260500 -0.078539 
-0.050181 0.253971 
0.237808 0.660211 
2.974878 0.454420 
0.442250 1.077549 
0.462251 0.978065 
-0.399200 -0.150182 
2.326873 0.943047 
3.304839 0.049110 
3.314483 -0.096963 
0.642577 0.958356 
1.964508 1.034147 
1.309515 1.151757 
2.441550 0.844255 
-0.243568 0.589586 
-0.109218 -0.263790 
1.321549 1.178883 
0.194176 0.691259 
2.895862 0.280398 
0.196996 0.488639 
-0.055134 -0.158540 
2.469818 1.067334 
1.183801 1.288600 
1.050821 1.117815 
0.503911 1.170937 
2.078970 1.007224 
1.373758 1.304606 
-0.049756 0.232150 
1.732965 1.196629 
-0.116555 0.128998 
2.493191 0.972968 
2.998679 0.069095 
2.424915 1.018931 
1.956695 1.020521 
2.610396 0.993304 
0.296444 0.967725 
3.103593 0.416222 
1.259278 1.538206 
-0.145343 0.251765 
2.405313 1.230191 
2.870672 0.637432 
2.852870 0.428216 
1.996443 1.399471 
1.832176 1.115963 
1.657960 1.409116 
-0.397944 -0.330229 
2.397814 0.884514 
0.897312 1.098586 
-0.236445 0.327075 
0.594589 1.054058 
-0.309595 -0.211983 
1.528400 1.483533 
-0.469846 -0.184233 
1.871250 1.322048 
2.628313 0.581920 
2.847273 0.544882 
0.103977 0.871887 
2.596484 0.829657 
2.666633 1.088750 
0.884810 1.454305 
1.391991 1.458051 
3.052362 -0.039352 
-0.092152 -0.341353 
2.971920 0.774852 
2.606737 1.076395 
0.402089 1.027194 
2.887326 0.839716 
-0.013114 0.859084 
3.147058 0.011539 
2.897736 0.768339 
2.725887 0.938410 
-0.214912 0.231764 
1.045223 1.172034 
2.990116 0.497129 
2.181505 1.217388 
0.297305 1.050842 
-0.286653 0.360905 
1.520494 1.444802 
2.055069 1.249862 
-0.087816 0.722352 
0.857342 1.261291 
0.593984 1.198366 
3.074540 -0.106194 
0.668025 1.138973 
1.438100 1.240434 
1.251900 1.304160 
1.305989 1.519491 
-0.302335 -0.257127 
1.028105 1.307651 
-0.360179 0.368466 
1.318317 1.354617 
-0.073152 0.800530 
2.929866 0.791745 
0.214024 0.565773 
2.979848 -0.297809 
1.348363 1.388230 
-0.480540 -0.024184 
2.619003 0.981542 
1.910888 1.263183 
-0.074719 0.226199 
1.342788 1.349174 
2.249368 0.909249 
2.472166 0.982706 
3.036754 0.324549 
2.729048 0.722714 
1.652708 1.197421 
3.115208 0.536388 
0.083140 0.660395 
-0.289023 0.524750 
2.789754 0.321576 
2.093096 1.163115 
1.063079 1.485344 
3.008940 -0.248565 
2.754660 1.017264 
0.602358 1.292619 
2.995880 0.621881 
-0.097510 0.166106 
0.501528 1.292338 
2.827717 0.903924 
2.051501 1.443738 
3.223750 -0.279919 
0.235451 0.746629 
1.303266 1.194188 
1.213196 1.524284 
2.909657 0.618036 
0.418544 0.866146 
-0.456976 0.084462 
2.166090 1.068621 
-0.172825 0.683714 
1.877443 1.297746 
0.315485 0.794992 
-0.473551 -0.232435 
2.551194 0.952933 
2.414390 1.077563 
2.283181 1.230492 
0.036771 0.223055 
2.067727 1.026345 
3.112331 -0.237518 
2.706387 0.464149 
0.935117 1.216635 
1.394470 1.328332 
2.783659 0.769799 
0.877834 1.069238 
0.766848 1.218971 
2.178670 0.933525 
3.122877 -0.134733 
0.228465 0.789152 
1.455463 1.229596 
1.076026 1.324536 
2.172444 1.297111 
2.158187 1.235926 
-0.399373 0.198354 
3.287472 -0.007819 
2.647008 0.685911 
1.882839 1.167982 
0.600514 1.136200 
0.667283 1.357615 
0.270224 0.616629 
0.099484 0.572527 
0.182131 0.894356 
2.793430 0.660589 
3.146545 0.115306 
2.949201 0.239619 
1.832827 1.371782 
1.589327 1.481659 
3.077555 0.217426 
2.725813 0.919988 
2.929855 0.516907 
-0.426790 0.062969 
1.678253 1.283131 
0.464035 1.119591 
-0.371307 0.348412 
2.662666 0.566075 
2.958414 -0.252374 
3.253150 -0.356173 
-0.054296 -0.020788 
2.513698 1.074211 
-0.157078 0.258631 
0.191352 0.511085 
2.879317 0.815754 
2.512318 1.083908 
1.359890 1.330051 
3.093234 0.627747 
1.466881 1.429333 
3.257626 -0.124956 
2.293626 1.233279 
-0.094576 0.660057 
0.540552 1.176180 
2.175200 1.360831 
0.082385 0.735886 
2.825250 0.404216 
-0.093952 -0.388783 
2.387203 0.927970 
0.502614 1.063655 
1.913163 1.483291 
1.234389 1.183048 
3.006271 0.248396 
2.791881 0.941294 
2.884057 0.284331 
2.837168 0.364384 
2.974052 -0.296811 
3.131392 0.257613 
1.473376 1.528583 
3.076459 -0.333208 
3.083213 0.397913 
0.238807 0.519722 
0.851678 -0.442217 
-1.588515 -1.026552 
0.545225 -0.998472 
0.480179 -0.692945 
0.506940 -0.864976 
0.713139 -0.286126 
-1.515548 -1.086420 
-1.821881 -0.299018 
0.881589 -0.012717 
-1.797866 -0.546338 
-0.140339 -1.220564 
-0.556614 -1.472881 
0.657005 -0.307432 
-1.415749 -0.842209 
-1.016938 -1.203984 
-0.956049 -1.213578 
0.684984 -0.903348 
-1.700493 -0.449453 
-0.924897 -1.426447 
0.014502 -1.094097 
-0.493442 -1.326021 
-1.704802 -0.500378 
-0.070355 -1.209026 
-1.618147 -0.517395 
-1.292349 -1.140985 
-0.910299 -1.276374 
-0.833358 -1.253504 
-1.311385 -1.260958 
-0.725206 -1.461193 
-0.217137 -1.378066 
0.856686 -0.171726 
-1.163066 -1.254043 
0.762074 -0.414293 
-1.877804 -0.044481 
0.882886 -0.166689 
-0.252380 -1.153362 
0.702823 -0.592414 
-0.806118 -1.243662 
-0.827732 -1.211968 
-1.210613 -0.957215 
-1.343614 -1.037210 
0.521063 -0.879501 
0.547317 -0.812676 
-0.528611 -1.201896 
-0.397712 -1.371226 
-0.277711 -1.321226 
-1.420607 -1.058140 
-0.380785 -1.371196 
0.697892 -0.769081 
0.783393 -0.728000 
0.738817 -0.674023 
-1.672494 -0.442348 
-1.587421 -0.602967 
-1.733929 -0.132582 
-1.545636 -0.690414 
-1.671370 -0.556575 
0.218106 -1.142319 
0.268544 -0.954437 
0.810776 -0.149293 
0.678892 -0.146587 
-0.309061 -1.271961 
-1.385542 -1.182861 
0.791516 -0.100926 
-0.051712 -1.386617 
-1.694227 -0.060194 
0.835771 -0.634785 
-0.160724 -1.454453 
-0.172797 -1.350574 
0.269112 -1.268790 
-0.230000 -1.199803 
-1.698900 -0.862774 
0.650171 -0.298372 
0.927176 -0.147244 
0.773311 -0.510468 
0.249152 -0.938995 
0.666402 -0.279319 
-0.877574 -1.402316 
-1.548092 -0.927886 
0.414146 -0.774066 
-1.910639 -0.159806 
0.641245 -0.315632 
-1.764895 -0.352140 
0.834568 -0.380013 
-0.555161 -1.265942 
0.181203 -1.224247 
-0.932868 -1.239326 
-1.402628 -1.156663 
-1.305345 -1.065755 
-1.716953 -0.074252 
-1.034929 -1.268700 
0.746806 -0.143244 
-0.199326 -1.135543 
-1.707813 -0.483779 
-0.045239 -1.265353 
-0.955998 -1.145505 
0.467222 -0.633095 
-0.342877 -1.262277 
-0.919621 -1.104308 
-0.287294 -1.353828 
-0.625919 -1.358963 
-0.598625 -1.366962 
-1.807313 -0.093935 
-0.217625 -1.305692 
-0.363680 -1.399905 
0.073395 -1.376218 
-1.598690 -0.741135 
-0.691725 -1.452396 
-1.651363 -0.898744 
0.658726 -0.351400 
0.853531 -0.473465 
0.395148 -0.952986 
-0.957769 -1.290541 
0.364549 -1.172840 
-1.771691 -0.220257 
-1.854795 -0.142621 
-0.886155 -1.416699 
-1.986585 -0.064649 
0.951719 -0.062858 
-1.640594 -0.199532 
-0.101567 -1.333697 
-1.715709 -0.429844 
-1.207416 -1.249869 
-1.948318 -0.364137 
-1.349699 -1.068444 
-1.798820 -0.430809 
0.552359 -0.953728 
0.271543 -0.941764 
-1.913848 -0.154834 
-1.193593 -1.115449 
0.912334 -0.043996 
-0.038289 -1.301446 
-0.236106 -1.414625 
0.748794 -0.344376 
0.016384 -1.314059 
-0.782909 -1.255312 
-1.774044 -0.186531 
-0.363874 -1.406994 
-1.157287 -1.174959 
-0.012470 -1.376348 
-0.469186 -1.366041 
0.028662 -1.335073 
-1.017465 -1.153319 
0.668140 -0.093641 
-1.057948 -1.102204 
-1.928763 -0.391962 
0.475307 -0.851186 
-1.309203 -1.129601 
-0.182618 -1.293348 
-0.540869 -1.348615 
-1.261269 -1.207134 
-0.514631 -1.197696 
0.381371 -1.100564 
-0.750139 -1.374021 
-1.481905 -0.655306 
-0.101827 -1.283331 
0.548788 -0.485272 
-1.354666 -1.135634 
0.229220 -1.095820 
0.535087 -0.724259 
0.357488 -0.902675 
0.475836 -1.005433 
-1.028163 -1.205578 
-1.030244 -1.330393 
0.475161 -1.118745 
-1.382817 -1.179011 
0.558434 -0.469612 
-0.484339 -1.425607 
0.445897 -0.727105 
-0.637851 -1.162670 
-1.066877 -1.382461 
0.645821 -0.350141 
0.783945 -0.013373 
0.477397 -0.962208 
-1.801351 -0.517554 
0.536296 -0.659885 
0.812577 -0.703878 
0.553309 -1.028943 
0.673931 -0.368067 
-0.920391 -1.406358 
-0.004024 -1.173666 
0.032541 -1.291710 
0.709173 -0.456106 
0.778255 -0.419773 
-0.998485 -1.414685 
-0.631890 -1.419606 
0.162846 -0.944040 
0.041988 -1.366584 
0.868406 -0.178069 
0.256805 -0.891435 
0.465518 -0.852924 
-1.074876 -1.132932 
-0.503674 -1.288205 
-1.544445 -0.933594 
0.381040 -1.172991 
0.458702 -0.719904 
-0.013317 -1.141456 
-0.544597 -1.366719 
-0.121084 -1.303157 
0.652517 -0.375262 
0.251385 -1.043166 
-0.215915 -1.345603 
-1.205559 -0.929971 
0.436143 -0.714137 
-0.927349 -1.400647 
-1.897457 -0.259639 
-0.888031 -1.288181 
0.757425 -0.587706 
0.631712 -0.978694 
-1.640481 -0.928373 
-1.655173 -0.521984 
-1.276658 -1.092346 
-0.435344 -1.271833 
-1.165408 -1.015044 
0.735009 -0.696790 
0.667726 -0.496496 
-0.591387 -1.313914 
0.704858 -0.081517 
-1.387566 -0.756170 
-1.119329 -1.083287 
-1.683389 -0.151681 
0.682710 -0.406164 
-0.961094 -1.111673 
-1.736277 -0.103806 
-1.327326 -1.012772 
-0.674142 -1.272215 
-1.534279 -0.507207 
-1.733881 -0.333252 
-1.700080 -0.346642 
-1.047963 -1.214259 
0.583807 -0.683037 
-0.324432 -1.260251 
0.075270 -1.233076 
0.719060 -0.217607 
-0.200411 -1.369572 
-0.473133 -1.320476 
-1.692291 -0.889735 
-1.740223 -0.452389 
0.742353 -0.373332 
-1.579814 -0.622406 
0.699955 -0.175451 
-1.695863 -0.179354 
-1.340427 -1.200488 
-1.323338 -1.066241 
-1.721183 -0.164823 
0.943109 -0.021112 
0.287580 -1.265746 
-1.674756 -0.737888 
-1.491109 -1.089706 
-0.746433 -1.335035 
-1.458706 -0.770617 
-0.790309 -1.425303 
-1.857348 -0.302797 
-0.835629 -1.298857 
-1.159918 -1.243477 
-1.658743 -0.551632 
0.618484 -0.944211 
0.574808 -0.902222 
0.076471 -1.208895 
0.771479 -0.172343 
-0.877733 -1.438700 
-0.275334 -1.267707 
0.611531 -0.480342 
-1.793810 -0.022583 
-1.681088 -0.355315 
0.205215 -1.235617 
0.038478 -1.395844 
-1.673059 -0.698721 
-1.243571 -1.152783 
0.443384 -0.892920 
-1.033461 -1.117784 
-1.504347 -0.941974 
-1.597416 -0.917388 
-1.864025 -0.603229 
0.717854 -0.478978 
-1.757606 -0.664600 
-1.628524 -0.480438 
-0.419387 -1.217804 
0.826842 -0.591954 
-0.293560 -1.459932 
0.759733 -0.240623 
-0.787520 -1.405148 
0.292077 -0.890485 
-1.640866 -0.505128 
0.726270 -0.049656 
0.925062 -0.292419 
0.747393 -0.096146 
-1.559829 -0.544329 
-1.656876 -0.628931 
0.766290 -0.699783 
-1.737613 -0.808846 
-1.241256 -0.921850 
-1.087852 -1.183540 
-0.391975 -1.368036 
-1.683867 -0.516081 
0.475764 -1.041596 
0.693591 -0.668104 
-1.669017 -0.257010 
0.570101 -0.963340 
-1.595690 -0.734113 
-1.931398 -0.176347 
-1.417156 -0.838161 
-1.413756 -1.022637 
0.703196 -0.416668 
0.508085 -0.850671 
0.738690 -0.342896 
0.872777 -0.164019 
0.297594 -0.955244 
-1.834303 -0.168995 
-1.812352 -0.050190 
0.502667 -0.605103 
-0.861078 -1.145046 
-0.146651 -1.284119 
-0.402146 -1.365195 
-1.476966 -0.776631 
0.040618 -1.221655 
-1.693116 -0.334651 
0.317947 -0.998864 
-1.768646 -0.790200 
0.207101 -0.913626 
-1.784999 -0.769476 
-1.019122 -1.401200 
-0.303701 -1.323302 
0.527422 -0.986729 
-0.683422 -1.235749 
-1.035740 -1.043072 
0.746764 -0.390066 
-0.616695 -1.272116 
-0.708860 -1.454483 
-1.946815 -0.028245 
0.161876 -1.171805 
-1.476550 -1.025776 
-1.663341 -0.028982 
0.866620 -0.407705 
-0.916737 -1.270934 
-0.548461 -1.357370 
0.466841 -0.700963 
-1.691336 -0.059452 
0.687265 -0.232822 
0.451243 -0.786422 
-0.776053 -1.340366 
-1.426866 -0.705921 
0.823273 -0.437472 
-0.586907 -1.451365 
-1.785555 -0.581598 
0.135062 -0.993830 
0.264746 -0.908670 
0.470372 -0.663482 
0.452042 -1.050840 
0.874259 -0.519631 
0.595248 -0.802376 
0.645513 -0.361517 
-0.235552 -1.238358 
0.493208 -0.651119 
0.445139 -1.122038 
0.345404 -0.876954 
0.911526 -0.429600 
-0.746089 -1.242641 
-0.776693 -1.144544 
0.322117 -1.086095 
-0.144526 -1.360288 
-1.692743 -0.180424 
-0.320165 -1.168462 
0.676631 -0.514054 
-0.353560 -1.322415 
-0.089472 -1.380294 
0.613660 -0.929003 
0.250368 -1.084289 
-1.833233 -0.608598 
0.745857 -0.273613 
-0.871640 -1.181180 
0.227191 -0.893022 
0.864229 -0.372876 
-0.822329 -1.188306 
0.781977 -0.141170 
-1.964613 -0.087462 
-0.461092 -1.151398 
0.286618 -0.956880 
-1.919139 -0.191036 
0.451702 -1.154872 
-1.754428 -0.729071 
-0.113994 -1.109495 
-1.669547 -0.129185 
0.790735 -0.365804 
-1.349799 -1.164116 
-1.145844 -1.155117 
-1.640677 -0.415964 
-1.892378 -0.056366 
0.674553 -0.832798 
-1.962189 -0.058639 
0.189646 -0.995793 
-1.908438 -0.084775 
0.383241 -0.852910 
-1.749793 -0.765893 
0.370483 -1.215881 
-0.293847 -1.198057 
0.706328 -0.540838 
-0.393837 -1.368400 
0.591263 -0.805586 
-1.807165 -0.417671 
0.753550 -0.199374 
-1.857189 -0.228444 
-1.534680 -0.833182 
-1.583891 -0.761365 
-1.290669 -0.959699 
-1.819907 -0.376483 
-0.214265 -1.313810 
0.848441 -0.250975 
-0.151193 -1.348260 
0.800129 -0.526541 
0.650012 -0.255161 
0.777730 -0.761501 
-1.773341 -0.752126 
-0.732802 -1.199311 
0.545372 -1.025459 
-0.232030 -1.179946 
-1.636515 -0.296875 
0.614343 -0.299350 
0.108469 -1.280840 
-1.562503 -0.829636 
-0.440726 -1.308435 
0.208130 -1.142653 
-1.655447 -0.126953 
-1.469864 -1.083176 
-0.232026 -1.468930 
-0.412343 -1.167521 
-1.106197 -1.119477 
-0.483827 -1.163173 
0.140153 -0.968830 
-0.844671 -1.377893 
-1.727260 -0.221082 
-0.102855 -1.300149 
0.912850 -0.336484 
-1.688757 -0.276257 
-1.854320 -0.149764 
0.456555 -0.722311 
-1.476538 -0.782364 
0.441375 -0.917632 
-0.411193 -1.450780 
-0.472366 -1.370535 
-1.580478 -0.878439 
-1.547451 -0.767108 
-0.408754 -1.260116 
-1.252575 -1.291014 
-0.816558 -1.200698 
-1.744923 -0.406010 
0.121702 -1.267674 
-1.506079 -0.594902 
0.616670 -0.328981 
-1.139336 -1.284697 
-0.295037 -1.178773 
-1.427523 -0.761424 
-1.680718 -0.438657 
0.831218 -0.272325 
-1.117226 -1.109116 
0.852414 -0.370293 
-1.193738 -1.049870 
0.927746 -0.456738 
-1.941947 -0.308575 
-0.295596 -1.363184 
0.218501 -1.004904 
-0.057515 -1.241378 
-1.286127 -0.848249 
0.134775 -1.174190 
0.858206 -0.036860 
0.765014 -0.232126 
0.145882 -1.300367 
-0.253989 -1.446231 
0.352436 -0.878957 
-0.460773 -1.354756 
-0.136003 -1.316928 
-1.137783 -1.327172 
0.234106 -1.092916 
-0.962937 -1.158549 
-0.139010 -1.173703 
0.966124 -0.125544 
-1.733212 -0.761838 
0.895818 -0.267460 
-1.060483 -1.227906 
0.778829 -0.039786 
0.000418 -1.259814 
0.504867 -1.021210 
-1.975037 -0.018757 
-0.198332 -1.358395 
-1.499122 -0.707969 
-1.902635 -0.204053 
-1.870484 -0.149910 
0.886759 -0.316930 
-0.801600 -1.123607 
-1.106946 -0.988964 
0.649916 -0.279613 
0.612614 -0.407390 
0.356348 -1.127527 
0.689183 -0.895996 
0.291205 -0.892338 
-0.639753 -1.490476 
-0.735832 -1.352351 
-0.976557 -1.190218 
-1.565508 -0.474396 
0.097955 -1.088428 
0.743088 -0.337884 
4.351678 -0.442217 
1.911485 -1.026552 
4.045225 -0.998472 
3.980179 -0.692945 
4.006940 -0.864976 
4.213139 -0.286126 
1.984452 -1.086420 
1.678119 -0.299018 
4.381589 -0.012717 
1.702134 -0.546338 
3.359661 -1.220564 
2.943386 -1.472881 
4.157005 -0.307432 
2.084251 -0.842209 
2.483062 -1.203984 
2.543951 -1.213578 
4.184984 -0.903348 
1.799507 -0.449453 
2.575103 -1.426447 
3.514502 -1.094097 
3.006558 -1.326021 
1.795198 -0.500378 
3.429645 -1.209026 
1.881853 -0.517395 
2.207651 -1.140985 
2.589701 -1.276374 
2.666642 -1.253504 
2.188615 -1.260958 
2.774794 -1.461193 
3.282863 -1.378066 
4.356686 -0.171726 
2.336934 -1.254043 
4.262074 -0.414293 
1.622196 -0.044481 
4.382886 -0.166689 
3.247620 -1.153362 
4.202823 -0.592414 
2.693882 -1.243662 
2.672268 -1.211968 
2.289387 -0.957215 
2.156386 -1.037210 
4.021063 -0.879501 
4.047317 -0.812676 
2.971389 -1.201896 
3.102288 -1.371226 
3.222289 -1.321226 
2.079393 -1.058140 
3.119215 -1.371196 
4.197892 -0.769081 
4.283393 -0.728000 
4.238817 -0.674023 
1.827506 -0.442348 
1.912579 -0.602967 
1.766071 -0.132582 
1.954364 -0.690414 
1.828630 -0.556575 
3.718106 -1.142319 
3.768544 -0.954437 
4.310776 -0.149293 
4.178892 -0.146587 
3.190939 -1.271961 
2.114458 -1.182861 
4.291516 -0.100926 
3.448288 -1.386617 
1.805773 -0.060194 
4.335771 -0.634785 
3.339276 -1.454453 
3.327203 -1.350574 
3.769112 -1.268790 
3.270000 -1.199803 
1.801100 -0.862774 
4.150171 -0.298372 
4.427176 -0.147244 
4.273311 -0.510468 
3.749152 -0.938995 
4.166402 -0.279319 
2.622426 -1.402316 
1.951908 -0.927886 
3.914146 -0.774066 
1.589361 -0.159806 
4.141245 -0.315632 
1.735105 -0.352140 
4.334568 -0.380013 
2.944839 -1.265942 
3.681203 -1.224247 
2.567132 -1.239326 
2.097372 -1.156663 
2.194655 -1.065755 
1.783047 -0.074252 
2.465071 -1.268700 
4.246806 -0.143244 
3.300674 -1.135543 
1.792187 -0.483779 
3.454761 -1.265353 
2.544002 -1.145505 
3.967222 -0.633095 
3.157123 -1.262277 
2.580379 -1.104308 
3.212706 -1.353828 
2.874081 -1.358963 
2.901375 -1.366962 
1.692687 -0.093935 
3.282375 -1.305692 
3.136320 -1.399905 
3.573395 -1.376218 
1.901310 -0.741135 
2.808275 -1.452396 
1.848637 -0.898744 
4.158726 -0.351400 
4.353531 -0.473465 
3.895148 -0.952986 
2.542231 -1.290541 
3.864549 -1.172840 
1.728309 -0.220257 
1.645205 -0.142621 
2.613845 -1.416699 
1.513415 -0.064649 
4.451719 -0.062858 
1.859406 -0.199532 
3.398433 -1.333697 
1.784291 -0.429844 
2.292584 -1.249869 
1.551682 -0.364137 
2.150301 -1.068444 
1.701180 -0.430809 
4.052359 -0.953728 
3.771543 -0.941764 
1.586152 -0.154834 
2.306407 -1.115449 
4.412334 -0.043996 
3.461711 -1.301446 
3.263894 -1.414625 
4.248794 -0.344376 
3.516384 -1.314059 
2.717091 -1.255312 
1.725956 -0.186531 
3.136126 -1.406994 
2.342713 -1.174959 
3.487530 -1.376348 
3.030814 -1.366041 
3.528662 -1.335073 
2.482535 -1.153319 
4.168140 -0.093641 
2.442052 -1.102204 
1.571237 -0.391962 
3.975307 -0.851186 
2.190797 -1.129601 
3.317382 -1.293348 
2.959131 -1.348615 
2.238731 -1.207134 
2.985369 -1.197696 
3.881371 -1.100564 
2.749861 -1.374021 
2.018095 -0.655306 
3.398173 -1.283331 
4.048788 -0.485272 
2.145334 -1.135634 
3.729220 -1.095820 
4.035087 -0.724259 
3.857488 -0.902675 
3.975836 -1.005433 
2.471837 -1.205578 
2.469756 -1.330393 
3.975161 -1.118745 
2.117183 -1.179011 
4.058434 -0.469612 
3.015661 -1.425607 
3.945897 -0.727105 
2.862149 -1.162670 
2.433123 -1.382461 
4.145821 -0.350141 
4.283945 -0.013373 
3.977397 -0.962208 
1.698649 -0.517554 
4.036296 -0.659885 
4.312577 -0.703878 
4.053309 -1.028943 
4.173931 -0.368067 
2.579609 -1.406358 
3.495976 -1.173666 
3.532541 -1.291710 
4.209173 -0.456106 
4.278255 -0.419773 
2.501515 -1.414685 
2.868110 -1.419606 
3.662846 -0.944040 
3.541988 -1.366584 
4.368406 -0.178069 
3.756805 -0.891435 
3.965518 -0.852924 
2.425124 -1.132932 
2.996326 -1.288205 
1.955555 -0.933594 
3.881040 -1.172991 
3.958702 -0.719904 
3.486683 -1.141456 
2.955403 -1.366719 
3.378916 -1.303157 
4.152517 -0.375262 
3.751385 -1.043166 
3.284085 -1.345603 
2.294441 -0.929971 
3.936143 -0.714137 
2.572651 -1.400647 
1.602543 -0.259639 
2.611969 -1.288181 
4.257425 -0.587706 
4.131712 -0.978694 
1.859519 -0.928373 
1.844827 -0.521984 
2.223342 -1.092346 
3.064656 -1.271833 
2.334592 -1.015044 
4.235009 -0.696790 
4.167726 -0.496496 
2.908613 -1.313914 
4.204858 -0.081517 
2.112434 -0.756170 
2.380671 -1.083287 
1.816611 -0.151681 
4.182710 -0.406164 
2.538906 -1.111673 
1.763723 -0.103806 
2.172674 -1.012772 
2.825858 -1.272215 
1.965721 -0.507207 
1.766119 -0.333252 
1.799920 -0.346642 
2.452037 -1.214259 
4.083807 -0.683037 
3.175568 -1.260251 
3.575270 -1.233076 
4.219060 -0.217607 
3.299589 -1.369572 
3.026867 -1.320476 
1.807709 -0.889735 
1.759777 -0.452389 
4.242353 -0.373332 
1.920186 -0.622406 
4.199955 -0.175451 
1.804137 -0.179354 
2.159573 -1.200488 
2.176662 -1.066241 
1.778817 -0.164823 
4.443109 -0.021112 
3.787580 -1.265746 
1.825244 -0.737888 
2.008891 -1.089706 
2.753567 -1.335035 
2.041294 -0.770617 
2.709691 -1.425303 
1.642652 -0.302797 
2.664371 -1.298857 
2.340082 -1.243477 
1.841257 -0.551632 
4.118484 -0.944211 
4.074808 -0.902222 
3.576471 -1.208895 
4.271479 -0.172343 
2.622267 -1.438700 
3.224666 -1.267707 
4.111531 -0.480342 
1.706190 -0.022583 
1.818912 -0.355315 
3.705215 -1.235617 
3.538478 -1.395844 
1.826941 -0.698721 
2.256429 -1.152783 
3.943384 -0.892920 
2.466539 -1.117784 
1.995653 -0.941974 
1.902584 -0.917388 
1.635975 -0.603229 
4.217854 -0.478978 
1.742394 -0.664600 
1.871476 -0.480438 
3.080613 -1.217804 
4.326842 -0.591954 
3.206440 -1.459932 
4.259733 -0.240623 
2.712480 -1.405148 
3.792077 -0.890485 
1.859134 -0.505128 
4.226270 -0.049656 
4.425062 -0.292419 
4.247393 -0.096146 
1.940171 -0.544329 
1.843124 -0.628931 
4.266290 -0.699783 
1.762387 -0.808846 
2.258744 -0.921850 
2.412148 -1.183540 
3.108025 -1.368036 
1.816133 -0.516081 
3.975764 -1.041596 
4.193591 -0.668104 
1.830983 -0.257010 
4.070101 -0.963340 
1.904310 -0.734113 
1.568602 -0.176347 
2.082844 -0.838161 
2.086244 -1.022637 
4.203196 -0.416668 
4.008085 -0.850671 
4.238690 -0.342896 
4.372777 -0.164019 
3.797594 -0.955244 
1.665697 -0.168995 
1.687648 -0.050190 
4.002667 -0.605103 
2.638922 -1.145046 
3.353349 -1.284119 
3.097854 -1.365195 
2.023034 -0.776631 
3.540618 -1.221655 
1.806884 -0.334651 
3.817947 -0.998864 
1.731354 -0.790200 
3.707101 -0.913626 
1.715001 -0.769476 
2.480878 -1.401200 
3.196299 -1.323302 
4.027422 -0.986729 
2.816578 -1.235749 
2.464260 -1.043072 
4.246764 -0.390066 
2.883305 -1.272116 
2.791140 -1.454483 
1.553185 -0.028245 
3.661876 -1.171805 
2.023450 -1.025776 
1.836659 -0.028982 
4.366620 -0.407705 
2.583263 -1.270934 
2.951539 -1.357370 
3.966841 -0.700963 
1.808664 -0.059452 
4.187265 -0.232822 
3.951243 -0.786422 
2.723947 -1.340366 
2.073134 -0.705921 
4.323273 -0.437472 
2.913093 -1.451365 
1.714445 -0.581598 
3.635062 -0.993830 
3.764746 -0.908670 
3.970372 -0.663482 
3.952042 -1.050840 
4.374259 -0.519631 
4.095248 -0.802376 
4.145513 -0.361517 
3.264448 -1.238358 
3.993208 -0.651119 
3.945139 -1.122038 
3.845404 -0.876954 
4.411526 -0.429600 
2.753911 -1.242641 
2.723307 -1.144544 
3.822117 -1.086095 
3.355474 -1.360288 
1.807257 -0.180424 
3.179835 -1.168462 
4.176631 -0.514054 
3.146440 -1.322415 
3.410528 -1.380294 
4.113660 -0.929003 
3.750368 -1.084289 
1.666767 -0.608598 
4.245857 -0.273613 
2.628360 -1.181180 
3.727191 -0.893022 
4.364229 -0.372876 
2.677671 -1.188306 
4.281977 -0.141170 
1.535387 -0.087462 
3.038908 -1.151398 
3.786618 -0.956880 
1.580861 -0.191036 
3.951702 -1.154872 
1.745572 -0.729071 
3.386006 -1.109495 
1.830453 -0.129185 
4.290735 -0.365804 
2.150201 -1.164116 
2.354156 -1.155117 
1.859323 -0.415964 
1.607622 -0.056366 
4.174553 -0.832798 
1.537811 -0.058639 
3.689646 -0.995793 
1.591562 -0.084775 
3.883241 -0.852910 
1.750207 -0.765893 
3.870483 -1.215881 
3.206153 -1.198057 
4.206328 -0.540838 
3.106163 -1.368400 
4.091263 -0.805586 
1.692835 -0.417671 
4.253550 -0.199374 
1.642811 -0.228444 
1.965320 -0.833182 
1.916109 -0.761365 
2.209331 -0.959699 
1.680093 -0.376483 
3.285735 -1.313810 
4.348441 -0.250975 
3.348807 -1.348260 
4.300129 -0.526541 
4.150012 -0.255161 
4.277730 -0.761501 
1.726659 -0.752126 
2.767198 -1.199311 
4.045372 -1.025459 
3.267970 -1.179946 
1.863485 -0.296875 
4.114343 -0.299350 
3.608469 -1.280840 
1.937497 -0.829636 
3.059274 -1.308435 
3.708130 -1.142653 
1.844553 -0.126953 
2.030136 -1.083176 
3.267974 -1.468930 
3.087657 -1.167521 
2.393803 -1.119477 
3.016173 -1.163173 
3.640153 -0.968830 
2.655329 -1.377893 
1.772740 -0.221082 
3.397145 -1.300149 
4.412850 -0.336484 
1.811243 -0.276257 
1.645680 -0.149764 
3.956555 -0.722311 
2.023462 -0.782364 
3.941375 -0.917632 
3.088807 -1.450780 
3.027634 -1.370535 
1.919522 -0.878439 
1.952549 -0.767108 
3.091246 -1.260116 
2.247425 -1.291014 
2.683442 -1.200698 
1.755077 -0.406010 
3.621702 -1.267674 
1.993921 -0.594902 
4.116670 -0.328981 
2.360664 -1.284697 
3.204963 -1.178773 
2.072477 -0.761424 
1.819282 -0.438657 
4.331218 -0.272325 
2.382774 -1.109116 
4.352414 -0.370293 
2.306262 -1.049870 
4.427746 -0.456738 
1.558053 -0.308575 
3.204404 -1.363184 
3.718501 -1.004904 
3.442485 -1.241378 
2.213873 -0.848249 
3.634775 -1.174190 
4.358206 -0.036860 
4.265014 -0.232126 
3.645882 -1.300367 
3.246011 -1.446231 
3.852436 -0.878957 
3.039227 -1.354756 
3.363997 -1.316928 
2.362217 -1.327172 
3.734106 -1.092916 
2.537063 -1.158549 
3.360990 -1.173703 
4.466124 -0.125544 
1.766788 -0.761838 
4.395818 -0.267460 
2.439517 -1.227906 
4.278829 -0.039786 
3.500418 -1.259814 
4.004867 -1.021210 
1.524963 -0.018757 
3.301668 -1.358395 
2.000878 -0.707969 
1.597365 -0.204053 
1.629516 -0.149910 
4.386759 -0.316930 
2.698400 -1.123607 
2.393054 -0.988964 
4.149916 -0.279613 
4.112614 -0.407390 
3.856348 -1.127527 
4.189183 -0.895996 
3.791205 -0.892338 
2.860247 -1.490476 
2.764168 -1.352351 
2.523443 -1.190218 
1.934492 -0.474396 
3.597955 -1.088428 
4.243088 -0.337884 
